% calculation eppoch 21780 It's equal 6.03
calculation_epoch=(2+1+4+3+1+7+9+6)*660;

%My Satallites:G04,G05,G07,G08,G09 Also them C1 measurements:
Prn_c1=[4 25773566.953;
        5 21776813.343;
        7 21547971.370;
        8 23951274.268;
        9 22708719.035];

%Mersin Station approximate coordinates:
R0rcv=[4239146.6414;2886967.1245;3778874.4800];

&Alpha and Beta from navigation message:
ION_ALPHA= [0.1118D-07  0.7451D-08 -0.5960D-07 -0.5960D-07];    
ION_BETA=[0.9011D+05  0.1638D+05 -0.1966D+06 -0.6554D+05];

%Clock corrections with their related epochs
Relatedepoch_Clockcorrection=[4 21600 -0.701169483364D-04 -0.522959453519D-11 0.000000000000D+00;
                             	                 5 21600 -0.100834295154D-04 -0.682121026330D-12 0.000000000000D+00;
                                                     7 21600 -0.248607713729D-03 -0.852651282912D-11 0.000000000000D+00;
                                                     8 21600 -0.291154719889D-04 -0.136424205266D-11 0.000000000000D+00;
                                                     9 21600 -0.188608188182D-03 -0.795807864051D-11 0.000000000000D+00];


%Satallite info from navigation message

G04=[ 0.220000000000D+03 0.353125000000D+01 0.472162524607D-08 -0.184883917477D+00;
    0.372529029846D-08 0.649514026008D-03 0.751391053200D-05 0.515369906425D+04;
    0.280800000000D+06 -0.409781932831D-07 -0.877786718312D-01 -0.111758708954D-07;
    0.960339026067D+00 0.231000000000D+03 -0.263921882293D+01 -0.802140555231D-08;
   -0.689314426998D-10 0.100000000000D+01 0.209900000000D+04 0.000000000000D+00;
    0.200000000000D+01 0.000000000000D+00 -0.419095158577D-08 0.220000000000D+03;
    0.273618000000D+06 0.400000000000D+01 0.000000000000D+00 0.000000000000D+00]

G05=[0.740000000000D+02 -0.392500000000D+02 0.490341853278D-08 0.157969803555D+01
   -0.195391476154D-05 0.579916324932D-02 0.901892781258D-05 0.515362991524D+04
    0.280800000000D+06 -0.156462192535D-06 -0.119751473670D+01 0.409781932831D-07
    0.951875363258D+00 0.204406250000D+03 0.786453237471D+00 -0.815533970263D-08
    0.208580116771D-09 0.100000000000D+01 0.209900000000D+04 0.000000000000D+00
    0.200000000000D+01 0.000000000000D+00 -0.111758708954D-07 0.740000000000D+02
    0.273618000000D+06 0.400000000000D+01 0.000000000000D+00 0.000000000000D+00]

G07=[0.114000000000D+03 0.220625000000D+02 0.457376194411D-08 -0.208631828876D+01
    0.996515154839D-06 0.135306593729D-01 0.819191336632D-05 0.515367783165D+04
    0.280800000000D+06 0.242143869400D-07 0.938869946925D+00-0.171363353729D-06
    0.953538442178D+00 0.216812500000D+03-0.241010949044D+01-0.780639659632D-08
   -0.228223792151D-09 0.100000000000D+01 0.209900000000D+04 0.000000000000D+00
    0.200000000000D+01 0.000000000000D+00-0.111758708954D-07 0.114000000000D+03
    0.273642000000D+06 0.400000000000D+01 0.000000000000D+00 0.000000000000D+00]

